{
 "cells": [
  {
   "cell_type": "code",
   "execution_count": 1,
   "metadata": {},
   "outputs": [],
   "source": [
    "import numpy as np\n",
    "from numpy import random\n",
    "from gurobipy import *\n",
    "import pandas as pd"
   ]
  },
  {
   "cell_type": "code",
   "execution_count": 88,
   "metadata": {},
   "outputs": [],
   "source": [
    "# np.set_printoptions(threshold=np.inf)\n",
    "C = np.array([[ 2.833690e-04,  7.211540e-05,  1.037150e-04,  1.917990e-04,\n",
    "         1.106910e-04,  5.583960e-05,  1.086070e-04,  1.010470e-04,\n",
    "         1.248370e-04,  7.211540e-05,  6.841750e-05,  1.107570e-04,\n",
    "        -9.018070e-06,  1.123750e-04,  1.496660e-04,  1.165100e-04,\n",
    "         1.532170e-04,  8.705500e-05,  1.463180e-04,  1.969660e-04,\n",
    "         1.033860e-04,  1.724050e-04,  7.970030e-05,  2.061470e-04,\n",
    "         1.517090e-04,  3.702700e-07,  1.558400e-05,  1.338000e-05,\n",
    "         2.469780e-05, -2.917200e-06,  2.336000e-05,  3.311790e-05,\n",
    "         7.588530e-05,  2.342800e-05,  1.153850e-07,  1.164820e-05,\n",
    "        -2.138290e-06,  1.015900e-04, -1.009570e-06, -3.796970e-06,\n",
    "         7.149570e-05, -2.631320e-07,  2.217690e-05, -5.849560e-07,\n",
    "         5.354500e-05,  1.624790e-05, -2.423790e-05,  1.347490e-05,\n",
    "        -9.018070e-06,  6.509520e-06,  1.148190e-05,  2.844420e-05,\n",
    "         7.152660e-05],\n",
    "       [ 7.211540e-05,  1.492780e-04,  6.044300e-05,  9.859790e-05,\n",
    "         7.315940e-05,  5.429350e-05,  4.382500e-05,  6.086140e-05,\n",
    "         7.424180e-05,  1.492780e-04,  4.694480e-05,  4.614820e-05,\n",
    "        -1.082340e-05,  5.315520e-05,  9.052410e-05,  5.685290e-05,\n",
    "         7.389070e-05,  4.540360e-05,  7.527530e-05,  1.062930e-04,\n",
    "         7.159860e-05,  6.383500e-05,  4.675120e-05,  8.995770e-05,\n",
    "         5.204530e-05,  2.054150e-05,  9.620910e-06,  2.065680e-05,\n",
    "         1.692540e-05,  5.254210e-05,  1.426410e-05,  1.254670e-05,\n",
    "         3.442130e-05,  8.812890e-06, -2.257820e-05,  1.377760e-05,\n",
    "         1.528340e-05,  6.847450e-05,  8.210200e-06,  7.174260e-06,\n",
    "         4.206760e-05, -1.236810e-06, -1.961810e-06,  1.313520e-06,\n",
    "         6.023830e-05,  2.514550e-05, -3.122920e-05,  1.021330e-05,\n",
    "        -1.082340e-05,  3.116980e-06,  9.329630e-06,  1.186350e-05,\n",
    "         3.258570e-05],\n",
    "       [ 1.037150e-04,  6.044300e-05,  1.864220e-04,  1.709610e-04,\n",
    "         8.911940e-05,  4.836150e-05,  9.582800e-05,  9.825890e-05,\n",
    "         1.097590e-04,  6.044300e-05,  4.399530e-05,  7.520090e-05,\n",
    "         1.062860e-05,  9.421440e-05,  1.215270e-04,  9.865550e-05,\n",
    "         1.116230e-04,  7.791680e-05,  1.726980e-04,  1.882960e-04,\n",
    "         6.437210e-05,  1.198860e-04,  7.711920e-05,  1.376240e-04,\n",
    "         1.204360e-04,  6.534170e-06,  1.950000e-05,  2.996050e-05,\n",
    "         2.129970e-05,  5.004670e-05,  2.609190e-05,  9.466510e-06,\n",
    "         6.393250e-05,  5.314350e-05,  3.948460e-06,  2.504440e-05,\n",
    "         1.840380e-05,  9.330700e-05, -9.361200e-06,  3.990930e-06,\n",
    "         6.772960e-05, -2.751480e-06,  1.736890e-05, -1.504670e-05,\n",
    "         7.845330e-05,  1.988560e-05, -2.643290e-05,  9.366450e-06,\n",
    "         1.062860e-05,  7.988460e-06,  1.546940e-06, -2.331060e-05,\n",
    "         5.684460e-05],\n",
    "       [ 1.917990e-04,  9.859790e-05,  1.709610e-04,  7.587210e-04,\n",
    "         1.363990e-04,  6.780850e-05,  1.959910e-04,  1.410930e-04,\n",
    "         1.861970e-04,  9.859790e-05,  9.142430e-05,  1.810380e-04,\n",
    "         6.956180e-06,  1.664720e-04,  2.220850e-04,  1.694500e-04,\n",
    "         2.260450e-04,  1.655020e-04,  2.307780e-04,  2.874330e-04,\n",
    "         1.521150e-04,  2.460360e-04,  1.173610e-04,  2.644080e-04,\n",
    "         2.530340e-04,  3.574810e-06,  6.613600e-06,  1.602380e-05,\n",
    "         4.773730e-05,  4.848620e-05,  4.498240e-06,  5.716390e-06,\n",
    "         1.426970e-04,  2.262600e-05, -3.407980e-05,  9.125560e-06,\n",
    "         1.142740e-05,  1.500680e-04,  1.674580e-05,  1.682110e-05,\n",
    "         2.002420e-04,  3.402890e-06,  8.599740e-07,  3.705520e-05,\n",
    "         1.377150e-04,  8.540520e-06, -6.129180e-05,  6.850360e-06,\n",
    "         6.956180e-06,  6.798810e-06,  4.611220e-06, -1.688820e-05,\n",
    "         1.100580e-04],\n",
    "       [ 1.106910e-04,  7.315940e-05,  8.911940e-05,  1.363990e-04,\n",
    "         4.505110e-04,  9.474420e-05,  1.249000e-04,  9.238580e-05,\n",
    "         1.496920e-04,  7.315940e-05,  4.724620e-05,  1.257700e-04,\n",
    "         6.517490e-06,  8.947620e-05,  1.202400e-04,  1.137810e-04,\n",
    "         1.509510e-04,  1.009830e-04,  1.128930e-04,  1.627400e-04,\n",
    "         6.843840e-05,  1.495740e-04,  5.974400e-05,  1.279980e-04,\n",
    "         7.880600e-05,  1.998860e-05,  3.634520e-05,  1.418540e-05,\n",
    "         2.043640e-05,  7.399360e-05,  3.028240e-05,  4.133380e-05,\n",
    "         7.011390e-05,  3.215620e-05,  5.098020e-05,  1.460960e-05,\n",
    "        -1.952650e-06,  6.994790e-05,  3.038060e-05,  9.476960e-06,\n",
    "         6.029620e-05,  1.520920e-05,  3.662040e-05,  2.508570e-05,\n",
    "         1.665640e-04,  5.335500e-05, -1.100030e-05,  2.876130e-05,\n",
    "         6.517490e-06,  1.474680e-05,  1.336080e-05, -1.276390e-05,\n",
    "         7.348310e-05],\n",
    "       [ 5.583960e-05,  5.429350e-05,  4.836150e-05,  6.780850e-05,\n",
    "         9.474420e-05,  1.150340e-04,  7.398460e-05,  5.936930e-05,\n",
    "         7.502320e-05,  5.429350e-05,  3.350870e-05,  6.410040e-05,\n",
    "        -2.666410e-06,  6.600250e-05,  8.088710e-05,  8.454720e-05,\n",
    "         1.032360e-04,  6.496220e-05,  6.927270e-05,  6.140280e-05,\n",
    "         4.566820e-05,  7.365330e-05,  3.708340e-05,  7.491210e-05,\n",
    "         5.794190e-05,  5.577310e-06,  1.387720e-05,  1.068770e-05,\n",
    "         4.866410e-06,  2.790140e-05,  1.654460e-05,  4.301270e-07,\n",
    "         4.312550e-05,  5.671850e-06,  1.064250e-05,  4.331340e-06,\n",
    "         2.612660e-06,  3.180970e-05, -1.599260e-06, -1.017980e-05,\n",
    "         3.349740e-05, -8.720700e-06,  1.592270e-05,  2.722670e-06,\n",
    "         5.763380e-05,  4.777300e-06, -1.540600e-05,  1.235040e-05,\n",
    "        -2.666410e-06,  6.439420e-06,  2.535040e-06, -6.958170e-06,\n",
    "         3.677020e-05],\n",
    "       [ 1.086070e-04,  4.382500e-05,  9.582800e-05,  1.959910e-04,\n",
    "         1.249000e-04,  7.398460e-05,  3.948760e-04,  1.034370e-04,\n",
    "         1.299950e-04,  4.382500e-05,  7.432290e-05,  1.034150e-04,\n",
    "         3.609900e-06,  1.338910e-04,  2.067380e-04,  1.532330e-04,\n",
    "         1.870540e-04,  1.672320e-04,  1.397910e-04,  1.438870e-04,\n",
    "         1.092190e-04,  1.870930e-04,  9.772920e-05,  1.929340e-04,\n",
    "         1.808940e-04,  1.181140e-05, -9.981640e-06,  1.640110e-05,\n",
    "         3.408900e-06, -1.525840e-05,  1.350460e-05,  9.681010e-08,\n",
    "         8.292790e-05,  7.648350e-06, -6.769130e-05,  1.964840e-05,\n",
    "        -4.852020e-05,  8.392990e-05, -9.932610e-06, -1.163490e-05,\n",
    "         7.308240e-05, -2.235410e-05,  3.299310e-07, -1.406420e-05,\n",
    "         8.553900e-05,  7.394960e-06, -2.077310e-05, -8.201730e-06,\n",
    "         3.609900e-06,  1.394480e-06, -1.232670e-05, -4.832400e-05,\n",
    "         7.951490e-05],\n",
    "       [ 1.010470e-04,  6.086140e-05,  9.825890e-05,  1.410930e-04,\n",
    "         9.238580e-05,  5.936930e-05,  1.034370e-04,  1.290670e-04,\n",
    "         1.068550e-04,  6.086140e-05,  4.930980e-05,  8.844420e-05,\n",
    "         6.964930e-07,  1.030630e-04,  1.230880e-04,  1.113380e-04,\n",
    "         1.301160e-04,  8.742010e-05,  1.269130e-04,  1.440950e-04,\n",
    "         7.919310e-05,  1.478280e-04,  6.123860e-05,  1.476890e-04,\n",
    "         1.065240e-04,  1.314970e-05,  2.587370e-05,  2.465520e-05,\n",
    "         2.144040e-05,  3.835870e-05,  2.301010e-05,  2.153890e-05,\n",
    "         7.575540e-05,  3.840270e-05, -7.884620e-07,  2.043740e-05,\n",
    "         3.155480e-05,  8.692160e-05, -7.356990e-06, -5.430050e-06,\n",
    "         5.145230e-05, -4.536110e-07,  2.234290e-05,  6.169500e-07,\n",
    "         4.560820e-05,  1.583380e-05, -2.113570e-05,  1.135640e-05,\n",
    "         6.964930e-07,  1.204500e-05,  5.198050e-06, -9.444900e-06,\n",
    "         5.238450e-05],\n",
    "       [ 1.248370e-04,  7.424180e-05,  1.097590e-04,  1.861970e-04,\n",
    "         1.496920e-04,  7.502320e-05,  1.299950e-04,  1.068550e-04,\n",
    "         2.653830e-04,  7.424180e-05,  4.400300e-05,  9.069700e-05,\n",
    "         2.148960e-07,  1.272620e-04,  1.686240e-04,  1.466620e-04,\n",
    "         1.655990e-04,  1.029250e-04,  1.343060e-04,  1.471270e-04,\n",
    "         1.174620e-04,  1.607540e-04,  5.704260e-05,  1.656240e-04,\n",
    "         1.587320e-04,  2.185640e-05,  2.320220e-05,  2.595090e-05,\n",
    "         2.995800e-05,  2.564130e-05,  3.193790e-05,  1.901630e-05,\n",
    "         7.230800e-05,  3.009270e-05, -3.135400e-06,  1.483280e-05,\n",
    "        -3.354580e-06,  8.390780e-05, -5.620260e-07,  4.656220e-07,\n",
    "         7.330080e-05, -2.302890e-06,  2.368730e-05, -7.816310e-06,\n",
    "         9.688430e-05,  2.767820e-05, -2.985960e-05,  2.065100e-05,\n",
    "         2.148960e-07,  9.219220e-06,  5.446030e-06, -1.939850e-05,\n",
    "         6.531470e-05],\n",
    "       [ 7.211540e-05,  1.492780e-04,  6.044300e-05,  9.859790e-05,\n",
    "         7.315940e-05,  5.429350e-05,  4.382500e-05,  6.086140e-05,\n",
    "         7.424180e-05,  1.492780e-04,  4.694480e-05,  4.614820e-05,\n",
    "        -1.082340e-05,  5.315520e-05,  9.052410e-05,  5.685290e-05,\n",
    "         7.389070e-05,  4.540360e-05,  7.527530e-05,  1.062930e-04,\n",
    "         7.159860e-05,  6.383500e-05,  4.675120e-05,  8.995770e-05,\n",
    "         5.204530e-05,  2.054150e-05,  9.620910e-06,  2.065680e-05,\n",
    "         1.692540e-05,  5.254210e-05,  1.426410e-05,  1.254670e-05,\n",
    "         3.442130e-05,  8.812890e-06, -2.257820e-05,  1.377760e-05,\n",
    "         1.528340e-05,  6.847450e-05,  8.210200e-06,  7.174260e-06,\n",
    "         4.206760e-05, -1.236810e-06, -1.961810e-06,  1.313520e-06,\n",
    "         6.023830e-05,  2.514550e-05, -3.122920e-05,  1.021330e-05,\n",
    "        -1.082340e-05,  3.116980e-06,  9.329630e-06,  1.186350e-05,\n",
    "         3.258570e-05],\n",
    "       [ 6.841750e-05,  4.694480e-05,  4.399530e-05,  9.142430e-05,\n",
    "         4.724620e-05,  3.350870e-05,  7.432290e-05,  4.930980e-05,\n",
    "         4.400300e-05,  4.694480e-05,  9.047510e-05,  6.768910e-05,\n",
    "         1.066300e-05,  7.471830e-05,  9.354060e-05,  7.789360e-05,\n",
    "         1.009140e-04,  8.306480e-05,  6.441430e-05,  9.446550e-05,\n",
    "         7.077280e-05,  8.565280e-05,  5.849550e-05,  9.251660e-05,\n",
    "         9.209780e-05,  3.117670e-07, -1.171340e-05,  8.828820e-06,\n",
    "         1.771210e-06, -1.207220e-05,  2.189970e-06,  6.642880e-06,\n",
    "         4.112720e-05,  1.803430e-06,  2.443820e-07,  8.818970e-06,\n",
    "         5.281260e-06,  6.587700e-05, -8.326870e-06,  7.918050e-07,\n",
    "         3.438860e-05, -3.701750e-06,  5.704270e-06,  9.186300e-06,\n",
    "         6.444430e-05,  1.664750e-05, -1.887140e-05,  9.705710e-06,\n",
    "         1.066300e-05,  9.210770e-08,  1.541680e-06, -1.164740e-05,\n",
    "         4.287940e-05],\n",
    "       [ 1.107570e-04,  4.614820e-05,  7.520090e-05,  1.810380e-04,\n",
    "         1.257700e-04,  6.410040e-05,  1.034150e-04,  8.844420e-05,\n",
    "         9.069700e-05,  4.614820e-05,  6.768910e-05,  4.692710e-04,\n",
    "        -2.506900e-06,  1.009310e-04,  1.402840e-04,  1.333190e-04,\n",
    "         1.738190e-04,  8.198410e-05,  1.036890e-04,  1.068830e-04,\n",
    "         1.412920e-04,  1.224030e-04,  8.435220e-05,  1.291950e-04,\n",
    "         2.052160e-05, -8.517770e-06, -1.236690e-05, -7.622260e-06,\n",
    "        -5.205160e-06,  8.047180e-06,  1.015690e-05,  1.716350e-06,\n",
    "         9.498620e-05, -2.831270e-05,  5.718890e-05, -1.805750e-06,\n",
    "         1.353420e-05,  9.407110e-05, -2.485210e-05,  1.916160e-05,\n",
    "         3.666810e-05, -3.553150e-05,  2.667280e-05, -9.395640e-06,\n",
    "         1.621150e-04,  3.820140e-05, -2.323680e-05, -1.377090e-05,\n",
    "        -2.506900e-06, -9.533800e-06, -1.304140e-05, -8.514540e-05,\n",
    "         4.488730e-05],\n",
    "       [-9.018070e-06, -1.082340e-05,  1.062860e-05,  6.956180e-06,\n",
    "         6.517490e-06, -2.666410e-06,  3.609900e-06,  6.964930e-07,\n",
    "         2.148960e-07, -1.082340e-05,  1.066300e-05, -2.506900e-06,\n",
    "         6.522940e-04, -2.582690e-05, -2.426500e-05, -1.672360e-05,\n",
    "        -2.853980e-05, -2.231650e-05,  8.070710e-06,  1.098080e-05,\n",
    "        -4.803420e-05, -3.325480e-05, -1.352880e-06, -4.270460e-06,\n",
    "         2.026930e-05, -1.005930e-06, -1.828600e-05,  9.543750e-06,\n",
    "         4.058650e-05,  8.256100e-06, -8.142670e-06, -1.442170e-05,\n",
    "        -7.285140e-06, -1.493990e-05, -5.162620e-05,  4.456380e-06,\n",
    "        -9.298810e-06,  7.590000e-07,  1.568640e-04,  8.638100e-05,\n",
    "        -1.580970e-06,  4.387130e-05,  4.677270e-05,  1.040950e-05,\n",
    "         3.248320e-04,  1.267710e-04,  9.709440e-05,  1.672980e-04,\n",
    "         6.522940e-04,  1.352510e-04,  9.995570e-05,  8.310980e-05,\n",
    "         1.186640e-05],\n",
    "       [ 1.123750e-04,  5.315520e-05,  9.421440e-05,  1.664720e-04,\n",
    "         8.947620e-05,  6.600250e-05,  1.338910e-04,  1.030630e-04,\n",
    "         1.272620e-04,  5.315520e-05,  7.471830e-05,  1.009310e-04,\n",
    "        -2.582690e-05,  2.944780e-04,  2.388410e-04,  1.845200e-04,\n",
    "         2.380080e-04,  2.216390e-04,  1.325990e-04,  1.545980e-04,\n",
    "         1.515660e-04,  2.078610e-04,  8.859630e-05,  1.711170e-04,\n",
    "         1.594420e-04,  2.602880e-06, -9.914780e-06,  8.344130e-06,\n",
    "         1.319870e-05, -2.164310e-05, -7.340130e-06, -2.394320e-05,\n",
    "         8.838910e-05,  7.655710e-06, -1.041720e-05,  2.464930e-06,\n",
    "        -3.240290e-05,  9.520600e-05, -2.868530e-05, -1.345780e-05,\n",
    "         6.050140e-05, -2.098610e-05,  6.148060e-06,  5.374940e-06,\n",
    "         1.101940e-04,  1.921150e-05, -5.018380e-05,  1.304180e-05,\n",
    "        -2.582690e-05, -1.217390e-05, -1.015070e-05, -3.756630e-05,\n",
    "         6.832500e-05],\n",
    "       [ 1.496660e-04,  9.052410e-05,  1.215270e-04,  2.220850e-04,\n",
    "         1.202400e-04,  8.088710e-05,  2.067380e-04,  1.230880e-04,\n",
    "         1.686240e-04,  9.052410e-05,  9.354060e-05,  1.402840e-04,\n",
    "        -2.426500e-05,  2.388410e-04,  6.177770e-04,  2.339450e-04,\n",
    "         3.164410e-04,  2.493310e-04,  1.617780e-04,  2.055660e-04,\n",
    "         2.171590e-04,  2.521080e-04,  1.129600e-04,  2.147480e-04,\n",
    "         2.659280e-04,  2.051830e-05,  1.314100e-05,  2.165500e-05,\n",
    "         2.507300e-05,  2.076500e-05,  1.375540e-06, -1.464530e-05,\n",
    "         1.157250e-04,  3.321730e-05,  9.757030e-06,  1.529450e-05,\n",
    "        -5.311310e-05,  1.275250e-04,  4.387950e-06, -1.098980e-05,\n",
    "         7.973910e-05, -7.638380e-06,  2.145090e-05,  2.558680e-05,\n",
    "         1.561890e-04,  3.599920e-05, -7.531710e-05,  1.184750e-05,\n",
    "        -2.426500e-05,  1.557310e-05, -1.578270e-05, -3.647480e-05,\n",
    "         7.987940e-05],\n",
    "       [ 1.165100e-04,  5.685290e-05,  9.865550e-05,  1.694500e-04,\n",
    "         1.137810e-04,  8.454720e-05,  1.532330e-04,  1.113380e-04,\n",
    "         1.466620e-04,  5.685290e-05,  7.789360e-05,  1.333190e-04,\n",
    "        -1.672360e-05,  1.845200e-04,  2.339450e-04,  2.409580e-04,\n",
    "         2.421430e-04,  1.830050e-04,  1.347090e-04,  1.470990e-04,\n",
    "         1.608110e-04,  2.153980e-04,  7.486330e-05,  1.719970e-04,\n",
    "         1.849470e-04,  1.533770e-05,  1.653200e-05,  1.613870e-05,\n",
    "         1.713290e-05, -7.333920e-06,  2.092590e-05,  4.650970e-06,\n",
    "         9.341910e-05,  2.778330e-05,  7.778090e-07,  7.003800e-06,\n",
    "        -1.242640e-06,  8.720990e-05, -1.599930e-05, -9.976480e-06,\n",
    "         7.181650e-05, -1.332280e-05,  1.499680e-05,  7.177240e-06,\n",
    "         3.830650e-05,  1.211030e-05, -2.690770e-05, -2.044340e-06,\n",
    "        -1.672360e-05, -1.090970e-05, -7.885190e-06, -2.856810e-05,\n",
    "         5.904130e-05],\n",
    "       [ 1.532170e-04,  7.389070e-05,  1.116230e-04,  2.260450e-04,\n",
    "         1.509510e-04,  1.032360e-04,  1.870540e-04,  1.301160e-04,\n",
    "         1.655990e-04,  7.389070e-05,  1.009140e-04,  1.738190e-04,\n",
    "        -2.853980e-05,  2.380080e-04,  3.164410e-04,  2.421430e-04,\n",
    "         3.785840e-04,  2.670750e-04,  1.582310e-04,  1.960360e-04,\n",
    "         1.820270e-04,  2.627450e-04,  1.142160e-04,  2.254400e-04,\n",
    "         2.252190e-04,  1.349560e-06, -2.124490e-07,  1.237780e-05,\n",
    "         2.172860e-05,  2.218320e-05,  1.148790e-05, -3.620330e-06,\n",
    "         1.246140e-04,  7.014270e-06,  2.202590e-05,  7.074200e-06,\n",
    "        -3.514140e-05,  1.159960e-04, -1.097570e-05,  1.706080e-08,\n",
    "         8.628990e-05, -7.333380e-06,  3.441660e-05,  3.037850e-05,\n",
    "         1.846010e-04,  3.286690e-05, -2.328350e-05,  1.525010e-05,\n",
    "        -2.853980e-05,  4.597340e-06, -1.870040e-06, -5.032940e-05,\n",
    "         8.355000e-05],\n",
    "       [ 8.705500e-05,  4.540360e-05,  7.791680e-05,  1.655020e-04,\n",
    "         1.009830e-04,  6.496220e-05,  1.672320e-04,  8.742010e-05,\n",
    "         1.029250e-04,  4.540360e-05,  8.306480e-05,  8.198410e-05,\n",
    "        -2.231650e-05,  2.216390e-04,  2.493310e-04,  1.830050e-04,\n",
    "         2.670750e-04,  4.148890e-04,  1.149270e-04,  1.296290e-04,\n",
    "         1.703800e-04,  2.097220e-04,  1.034320e-04,  1.688060e-04,\n",
    "         1.693310e-04, -6.360820e-07, -9.828680e-06,  7.996490e-06,\n",
    "         3.219320e-05, -2.023490e-07, -4.434670e-06, -2.313940e-05,\n",
    "         8.158600e-05,  1.988790e-05, -3.183710e-05,  4.220110e-07,\n",
    "        -5.571980e-05,  8.263170e-05, -2.888510e-07,  1.427280e-06,\n",
    "         7.146390e-05, -3.989490e-06,  1.200180e-05,  3.892590e-05,\n",
    "         2.367900e-04,  2.183950e-05, -3.268260e-05,  2.284790e-05,\n",
    "        -2.231650e-05, -1.389230e-06, -1.661340e-05, -3.956360e-05,\n",
    "         7.080430e-05],\n",
    "       [ 1.463180e-04,  7.527530e-05,  1.726980e-04,  2.307780e-04,\n",
    "         1.128930e-04,  6.927270e-05,  1.397910e-04,  1.269130e-04,\n",
    "         1.343060e-04,  7.527530e-05,  6.441430e-05,  1.036890e-04,\n",
    "         8.070710e-06,  1.325990e-04,  1.617780e-04,  1.347090e-04,\n",
    "         1.582310e-04,  1.149270e-04,  2.660310e-04,  2.468170e-04,\n",
    "         9.988010e-05,  1.687930e-04,  1.039760e-04,  1.946310e-04,\n",
    "         1.698320e-04,  9.734970e-06,  4.061110e-05,  3.210800e-05,\n",
    "         3.728650e-05,  4.884660e-05,  3.199410e-05,  2.035260e-05,\n",
    "         9.257810e-05,  4.627290e-05, -1.102500e-05,  2.931780e-05,\n",
    "         4.793510e-05,  1.205560e-04, -9.544570e-06,  8.866560e-08,\n",
    "         7.584530e-05,  6.043450e-06,  1.173500e-05, -5.720420e-06,\n",
    "         9.307120e-05,  5.116320e-05, -2.580740e-05,  1.195340e-05,\n",
    "         8.070710e-06,  6.395850e-06,  6.869470e-06, -3.480390e-06,\n",
    "         7.857230e-05],\n",
    "       [ 1.969660e-04,  1.062930e-04,  1.882960e-04,  2.874330e-04,\n",
    "         1.627400e-04,  6.140280e-05,  1.438870e-04,  1.440950e-04,\n",
    "         1.471270e-04,  1.062930e-04,  9.446550e-05,  1.068830e-04,\n",
    "         1.098080e-05,  1.545980e-04,  2.055660e-04,  1.470990e-04,\n",
    "         1.960360e-04,  1.296290e-04,  2.468170e-04,  6.136340e-04,\n",
    "         7.121420e-05,  2.058990e-04,  1.231100e-04,  2.223570e-04,\n",
    "         2.447600e-04, -1.564420e-06,  5.068870e-05,  4.383310e-05,\n",
    "         1.822060e-05,  3.300250e-05,  3.441560e-05,  1.298400e-05,\n",
    "         1.191550e-04,  8.814810e-05,  1.982640e-05,  3.818180e-05,\n",
    "         2.912890e-06,  1.992850e-04, -2.665920e-05, -8.848120e-06,\n",
    "         9.310310e-05, -1.373000e-05, -7.871010e-06,  2.100540e-05,\n",
    "         1.210510e-04,  4.151400e-06, -4.347710e-05,  1.345090e-05,\n",
    "         1.098080e-05, -4.387970e-06,  1.422600e-05, -5.030760e-05,\n",
    "         1.170780e-04],\n",
    "       [ 1.033860e-04,  7.159860e-05,  6.437210e-05,  1.521150e-04,\n",
    "         6.843840e-05,  4.566820e-05,  1.092190e-04,  7.919310e-05,\n",
    "         1.174620e-04,  7.159860e-05,  7.077280e-05,  1.412920e-04,\n",
    "        -4.803420e-05,  1.515660e-04,  2.171590e-04,  1.608110e-04,\n",
    "         1.820270e-04,  1.703800e-04,  9.988010e-05,  7.121420e-05,\n",
    "         5.990340e-04,  1.740830e-04,  7.737510e-05,  1.383630e-04,\n",
    "         1.302240e-04,  9.028910e-06, -2.579190e-05,  7.942190e-06,\n",
    "        -1.706290e-05, -3.853800e-06,  9.143010e-06,  7.499220e-06,\n",
    "         6.243240e-05, -1.105110e-05, -2.872340e-06,  8.708130e-06,\n",
    "        -2.785710e-05,  8.320790e-05, -1.473200e-05,  1.120000e-05,\n",
    "         6.590560e-05,  1.574530e-06,  1.529780e-05,  1.036330e-05,\n",
    "         9.109830e-05,  1.386370e-05, -1.103370e-05,  2.421510e-06,\n",
    "        -4.803420e-05, -5.549220e-06, -1.974920e-05, -1.585520e-05,\n",
    "         8.309090e-05],\n",
    "       [ 1.724050e-04,  6.383500e-05,  1.198860e-04,  2.460360e-04,\n",
    "         1.495740e-04,  7.365330e-05,  1.870930e-04,  1.478280e-04,\n",
    "         1.607540e-04,  6.383500e-05,  8.565280e-05,  1.224030e-04,\n",
    "        -3.325480e-05,  2.078610e-04,  2.521080e-04,  2.153980e-04,\n",
    "         2.627450e-04,  2.097220e-04,  1.687930e-04,  2.058990e-04,\n",
    "         1.740830e-04,  3.745810e-04,  1.180970e-04,  2.268400e-04,\n",
    "         2.424540e-04,  8.525990e-06,  1.335270e-05,  1.949910e-05,\n",
    "         4.373880e-06,  2.440010e-05,  1.566740e-05,  1.074760e-05,\n",
    "         1.188150e-04,  3.355670e-05, -1.397370e-06,  1.223680e-05,\n",
    "         9.238800e-06,  1.167770e-04, -1.792610e-05, -1.957940e-05,\n",
    "         8.943050e-05, -1.508210e-05,  2.547410e-05,  2.538250e-05,\n",
    "         9.940160e-05,  2.341390e-06, -3.349290e-05,  9.258890e-06,\n",
    "        -3.325480e-05,  3.758270e-06, -4.456040e-06, -7.769200e-06,\n",
    "         1.012800e-04],\n",
    "       [ 7.970030e-05,  4.675120e-05,  7.711920e-05,  1.173610e-04,\n",
    "         5.974400e-05,  3.708340e-05,  9.772920e-05,  6.123860e-05,\n",
    "         5.704260e-05,  4.675120e-05,  5.849550e-05,  8.435220e-05,\n",
    "        -1.352880e-06,  8.859630e-05,  1.129600e-04,  7.486330e-05,\n",
    "         1.142160e-04,  1.034320e-04,  1.039760e-04,  1.231100e-04,\n",
    "         7.737510e-05,  1.180970e-04,  1.409430e-04,  1.166740e-04,\n",
    "         9.832450e-05, -1.057660e-05,  3.192850e-06,  1.699960e-05,\n",
    "         3.227080e-06,  2.320080e-07,  4.461460e-06, -7.284760e-06,\n",
    "         6.035690e-05,  1.502360e-05,  5.745940e-06,  1.373490e-05,\n",
    "        -3.326250e-06,  7.421470e-05, -2.797020e-05,  5.033730e-07,\n",
    "         3.505640e-05, -1.600620e-05,  1.606430e-05, -6.497520e-06,\n",
    "         1.010200e-04,  1.651620e-05, -4.466200e-05,  7.249600e-07,\n",
    "        -1.352880e-06, -1.936860e-06,  2.542020e-06, -5.981340e-05,\n",
    "         6.413500e-05],\n",
    "       [ 2.061470e-04,  8.995770e-05,  1.376240e-04,  2.644080e-04,\n",
    "         1.279980e-04,  7.491210e-05,  1.929340e-04,  1.476890e-04,\n",
    "         1.656240e-04,  8.995770e-05,  9.251660e-05,  1.291950e-04,\n",
    "        -4.270460e-06,  1.711170e-04,  2.147480e-04,  1.719970e-04,\n",
    "         2.254400e-04,  1.688060e-04,  1.946310e-04,  2.223570e-04,\n",
    "         1.383630e-04,  2.268400e-04,  1.166740e-04,  3.789480e-04,\n",
    "         1.871000e-04,  1.404800e-05,  2.515140e-05,  3.167210e-05,\n",
    "         4.411450e-05,  1.559760e-05,  3.302000e-05,  3.182670e-05,\n",
    "         1.263290e-04,  3.507520e-05, -3.933130e-06,  2.579150e-05,\n",
    "         1.105280e-05,  1.361570e-04,  9.152060e-06, -4.854040e-06,\n",
    "         1.063710e-04,  8.210380e-06, -6.966420e-06,  1.182050e-05,\n",
    "         1.025190e-04, -5.212170e-06, -2.160880e-05,  3.050420e-06,\n",
    "        -4.270460e-06,  7.960000e-06,  1.223700e-05, -1.345310e-05,\n",
    "         1.047690e-04],\n",
    "       [ 1.517090e-04,  5.204530e-05,  1.204360e-04,  2.530340e-04,\n",
    "         7.880600e-05,  5.794190e-05,  1.808940e-04,  1.065240e-04,\n",
    "         1.587320e-04,  5.204530e-05,  9.209780e-05,  2.052160e-05,\n",
    "         2.026930e-05,  1.594420e-04,  2.659280e-04,  1.849470e-04,\n",
    "         2.252190e-04,  1.693310e-04,  1.698320e-04,  2.447600e-04,\n",
    "         1.302240e-04,  2.424540e-04,  9.832450e-05,  1.871000e-04,\n",
    "         1.085664e-03,  4.085940e-05,  6.899850e-05,  4.163860e-05,\n",
    "         9.591250e-06, -2.712930e-05,  1.016520e-05,  5.911120e-05,\n",
    "         4.590000e-05,  4.963260e-05, -1.986200e-05,  8.085490e-06,\n",
    "         5.041330e-05,  1.079780e-04, -7.315950e-06, -5.280840e-05,\n",
    "         9.532590e-05,  7.174640e-08,  1.330950e-05,  5.222090e-05,\n",
    "         5.991820e-05, -2.298930e-05,  3.094600e-05, -2.273490e-05,\n",
    "         2.026930e-05,  1.212200e-05, -5.953580e-06,  3.734580e-06,\n",
    "         1.036670e-04],\n",
    "       [ 3.702700e-07,  2.054150e-05,  6.534170e-06,  3.574810e-06,\n",
    "         1.998860e-05,  5.577310e-06,  1.181140e-05,  1.314970e-05,\n",
    "         2.185640e-05,  2.054150e-05,  3.117670e-07, -8.517770e-06,\n",
    "        -1.005930e-06,  2.602880e-06,  2.051830e-05,  1.533770e-05,\n",
    "         1.349560e-06, -6.360820e-07,  9.734970e-06, -1.564420e-06,\n",
    "         9.028910e-06,  8.525990e-06, -1.057660e-05,  1.404800e-05,\n",
    "         4.085940e-05,  2.145600e-04,  1.397930e-04,  7.378320e-05,\n",
    "         1.124310e-04,  9.970890e-05,  1.086130e-04,  1.632050e-04,\n",
    "         4.056170e-06,  1.543550e-04,  2.373940e-05,  5.655480e-05,\n",
    "         6.997470e-05, -3.953150e-06,  3.855080e-05,  9.485710e-06,\n",
    "         9.273960e-06,  1.636040e-05,  1.671300e-05,  1.597640e-05,\n",
    "         2.500070e-05,  1.437900e-05,  2.881120e-05,  1.195070e-05,\n",
    "        -1.005930e-06,  1.261870e-05,  8.671930e-06,  6.986670e-05,\n",
    "        -4.319090e-06],\n",
    "       [ 1.558400e-05,  9.620910e-06,  1.950000e-05,  6.613600e-06,\n",
    "         3.634520e-05,  1.387720e-05, -9.981640e-06,  2.587370e-05,\n",
    "         2.320220e-05,  9.620910e-06, -1.171340e-05, -1.236690e-05,\n",
    "        -1.828600e-05, -9.914780e-06,  1.314100e-05,  1.653200e-05,\n",
    "        -2.124490e-07, -9.828680e-06,  4.061110e-05,  5.068870e-05,\n",
    "        -2.579190e-05,  1.335270e-05,  3.192850e-06,  2.515140e-05,\n",
    "         6.899850e-05,  1.397930e-04,  2.514070e-04,  9.901120e-05,\n",
    "         1.036580e-04,  1.623020e-04,  1.210390e-04,  1.484810e-04,\n",
    "        -5.701470e-06,  2.316460e-04,  5.104730e-05,  6.948650e-05,\n",
    "         1.076650e-04, -8.057930e-07,  6.341770e-05,  2.170100e-06,\n",
    "         5.902700e-06,  2.418970e-05,  5.469420e-06, -3.408190e-06,\n",
    "        -2.099410e-05,  3.111570e-05,  5.722410e-05,  6.748460e-06,\n",
    "        -1.828600e-05,  1.171030e-05,  7.556090e-06,  9.430710e-05,\n",
    "         2.372550e-06],\n",
    "       [ 1.338000e-05,  2.065680e-05,  2.996050e-05,  1.602380e-05,\n",
    "         1.418540e-05,  1.068770e-05,  1.640110e-05,  2.465520e-05,\n",
    "         2.595090e-05,  2.065680e-05,  8.828820e-06, -7.622260e-06,\n",
    "         9.543750e-06,  8.344130e-06,  2.165500e-05,  1.613870e-05,\n",
    "         1.237780e-05,  7.996490e-06,  3.210800e-05,  4.383310e-05,\n",
    "         7.942190e-06,  1.949910e-05,  1.699960e-05,  3.167210e-05,\n",
    "         4.163860e-05,  7.378320e-05,  9.901120e-05,  1.186480e-04,\n",
    "         6.641910e-05,  1.192950e-04,  7.722480e-05,  8.805190e-05,\n",
    "         1.204860e-05,  1.573230e-04,  2.719330e-05,  8.404700e-05,\n",
    "         6.143870e-05,  1.402890e-05,  2.119680e-05,  5.234540e-06,\n",
    "         1.100810e-05,  1.626440e-05, -1.284290e-05,  6.194310e-06,\n",
    "         4.428600e-06,  1.792300e-05,  2.819050e-05,  2.483420e-05,\n",
    "         9.543750e-06,  1.320140e-05,  5.377670e-06,  6.424220e-05,\n",
    "         1.366150e-06],\n",
    "       [ 2.469780e-05,  1.692540e-05,  2.129970e-05,  4.773730e-05,\n",
    "         2.043640e-05,  4.866410e-06,  3.408900e-06,  2.144040e-05,\n",
    "         2.995800e-05,  1.692540e-05,  1.771210e-06, -5.205160e-06,\n",
    "         4.058650e-05,  1.319870e-05,  2.507300e-05,  1.713290e-05,\n",
    "         2.172860e-05,  3.219320e-05,  3.728650e-05,  1.822060e-05,\n",
    "        -1.706290e-05,  4.373880e-06,  3.227080e-06,  4.411450e-05,\n",
    "         9.591250e-06,  1.124310e-04,  1.036580e-04,  6.641910e-05,\n",
    "         2.732620e-04,  7.376690e-05,  8.580720e-05,  1.134880e-04,\n",
    "         1.385510e-05,  1.252080e-04,  8.003960e-05,  5.436640e-05,\n",
    "         5.012780e-05,  1.467090e-05,  2.845000e-05,  3.772030e-05,\n",
    "         1.072040e-05,  2.250600e-05,  2.394650e-06,  1.589490e-05,\n",
    "         1.242800e-06,  4.034310e-05, -8.385210e-06,  3.064200e-05,\n",
    "         4.058650e-05,  1.641150e-05,  2.449940e-05,  3.402930e-05,\n",
    "        -1.135020e-05],\n",
    "       [-2.917200e-06,  5.254210e-05,  5.004670e-05,  4.848620e-05,\n",
    "         7.399360e-05,  2.790140e-05, -1.525840e-05,  3.835870e-05,\n",
    "         2.564130e-05,  5.254210e-05, -1.207220e-05,  8.047180e-06,\n",
    "         8.256100e-06, -2.164310e-05,  2.076500e-05, -7.333920e-06,\n",
    "         2.218320e-05, -2.023490e-07,  4.884660e-05,  3.300250e-05,\n",
    "        -3.853800e-06,  2.440010e-05,  2.320080e-07,  1.559760e-05,\n",
    "        -2.712930e-05,  9.970890e-05,  1.623020e-04,  1.192950e-04,\n",
    "         7.376690e-05,  9.601780e-04,  9.392420e-05,  9.524550e-05,\n",
    "         2.462590e-05,  2.784270e-04, -2.612180e-05,  9.949950e-05,\n",
    "         1.312060e-04,  1.727160e-05,  1.145000e-04,  5.385170e-05,\n",
    "         3.808980e-06,  5.736680e-05,  7.283230e-05,  7.454490e-05,\n",
    "         4.661040e-05,  7.087030e-05,  7.352730e-05,  7.311040e-05,\n",
    "         8.256100e-06,  8.355560e-05,  1.213000e-05,  1.557690e-04,\n",
    "         6.423590e-06],\n",
    "       [ 2.336000e-05,  1.426410e-05,  2.609190e-05,  4.498240e-06,\n",
    "         3.028240e-05,  1.654460e-05,  1.350460e-05,  2.301010e-05,\n",
    "         3.193790e-05,  1.426410e-05,  2.189970e-06,  1.015690e-05,\n",
    "        -8.142670e-06, -7.340130e-06,  1.375540e-06,  2.092590e-05,\n",
    "         1.148790e-05, -4.434670e-06,  3.199410e-05,  3.441560e-05,\n",
    "         9.143010e-06,  1.566740e-05,  4.461460e-06,  3.302000e-05,\n",
    "         1.016520e-05,  1.086130e-04,  1.210390e-04,  7.722480e-05,\n",
    "         8.580720e-05,  9.392420e-05,  1.540960e-04,  1.158320e-04,\n",
    "         9.660920e-06,  1.494980e-04,  1.689200e-05,  5.749340e-05,\n",
    "         5.648370e-05,  1.406650e-05,  1.473040e-05,  5.297000e-06,\n",
    "         8.613810e-06,  1.209950e-05,  2.190970e-05, -8.863990e-06,\n",
    "        -2.656490e-05,  2.235820e-05,  4.275550e-05,  6.683400e-06,\n",
    "        -8.142670e-06,  9.924240e-06,  1.500470e-05,  4.765230e-05,\n",
    "         2.729770e-06],\n",
    "       [ 3.311790e-05,  1.254670e-05,  9.466510e-06,  5.716390e-06,\n",
    "         4.133380e-05,  4.301270e-07,  9.681010e-08,  2.153890e-05,\n",
    "         1.901630e-05,  1.254670e-05,  6.642880e-06,  1.716350e-06,\n",
    "        -1.442170e-05, -2.394320e-05, -1.464530e-05,  4.650970e-06,\n",
    "        -3.620330e-06, -2.313940e-05,  2.035260e-05,  1.298400e-05,\n",
    "         7.499220e-06,  1.074760e-05, -7.284760e-06,  3.182670e-05,\n",
    "         5.911120e-05,  1.632050e-04,  1.484810e-04,  8.805190e-05,\n",
    "         1.134880e-04,  9.524550e-05,  1.158320e-04,  2.437020e-04,\n",
    "         1.393100e-05,  1.846610e-04,  8.112710e-05,  7.487160e-05,\n",
    "         8.195060e-05,  1.075040e-05,  3.821000e-05,  3.082160e-06,\n",
    "         7.869300e-06,  1.297540e-05,  2.222840e-05, -2.620150e-06,\n",
    "        -4.384780e-05,  2.320160e-05,  5.115730e-05,  5.562430e-06,\n",
    "        -1.442170e-05,  4.575330e-06,  4.323090e-06,  7.848520e-05,\n",
    "         2.412060e-06],\n",
    "       [ 7.588530e-05,  3.442130e-05,  6.393250e-05,  1.426970e-04,\n",
    "         7.011390e-05,  4.312550e-05,  8.292790e-05,  7.575540e-05,\n",
    "         7.230800e-05,  3.442130e-05,  4.112720e-05,  9.498620e-05,\n",
    "        -7.285140e-06,  8.838910e-05,  1.157250e-04,  9.341910e-05,\n",
    "         1.246140e-04,  8.158600e-05,  9.257810e-05,  1.191550e-04,\n",
    "         6.243240e-05,  1.188150e-04,  6.035690e-05,  1.263290e-04,\n",
    "         4.590000e-05,  4.056170e-06, -5.701470e-06,  1.204860e-05,\n",
    "         1.385510e-05,  2.462590e-05,  9.660920e-06,  1.393100e-05,\n",
    "         2.395520e-04,  2.635330e-05,  2.356700e-05,  1.237350e-05,\n",
    "         7.328590e-06,  8.619580e-05, -5.064180e-07, -2.019410e-05,\n",
    "         4.580180e-05,  8.222400e-06,  2.322350e-05, -1.219880e-05,\n",
    "         9.622210e-05,  1.595990e-05, -9.912800e-07,  1.100150e-05,\n",
    "        -7.285140e-06, -1.379950e-06, -1.936810e-05, -1.291030e-05,\n",
    "         5.065560e-05],\n",
    "       [ 2.342800e-05,  8.812890e-06,  5.314350e-05,  2.262600e-05,\n",
    "         3.215620e-05,  5.671850e-06,  7.648350e-06,  3.840270e-05,\n",
    "         3.009270e-05,  8.812890e-06,  1.803430e-06, -2.831270e-05,\n",
    "        -1.493990e-05,  7.655710e-06,  3.321730e-05,  2.778330e-05,\n",
    "         7.014270e-06,  1.988790e-05,  4.627290e-05,  8.814810e-05,\n",
    "        -1.105110e-05,  3.355670e-05,  1.502360e-05,  3.507520e-05,\n",
    "         4.963260e-05,  1.543550e-04,  2.316460e-04,  1.573230e-04,\n",
    "         1.252080e-04,  2.784270e-04,  1.494980e-04,  1.846610e-04,\n",
    "         2.635330e-05,  5.396870e-04,  7.574940e-05,  1.341690e-04,\n",
    "         1.250430e-04,  1.054720e-05,  8.029620e-05,  6.661950e-06,\n",
    "         3.313550e-05,  4.688780e-05,  5.971630e-05,  1.882150e-05,\n",
    "         9.087280e-06,  1.864970e-05,  8.210330e-05,  3.649120e-05,\n",
    "        -1.493990e-05,  1.887800e-05,  1.972110e-05,  1.469110e-04,\n",
    "        -1.429690e-05],\n",
    "       [ 1.153850e-07, -2.257820e-05,  3.948460e-06, -3.407980e-05,\n",
    "         5.098020e-05,  1.064250e-05, -6.769130e-05, -7.884620e-07,\n",
    "        -3.135400e-06, -2.257820e-05,  2.443820e-07,  5.718890e-05,\n",
    "        -5.162620e-05, -1.041720e-05,  9.757030e-06,  7.778090e-07,\n",
    "         2.202590e-05, -3.183710e-05, -1.102500e-05,  1.982640e-05,\n",
    "        -2.872340e-06, -1.397370e-06,  5.745940e-06, -3.933130e-06,\n",
    "        -1.986200e-05,  2.373940e-05,  5.104730e-05,  2.719330e-05,\n",
    "         8.003960e-05, -2.612180e-05,  1.689200e-05,  8.112710e-05,\n",
    "         2.356700e-05,  7.574940e-05,  6.093210e-04,  2.840150e-05,\n",
    "         3.965650e-05,  4.256080e-06,  4.371600e-06, -1.047230e-05,\n",
    "        -5.313280e-06,  1.242220e-05,  3.148410e-05, -2.598810e-05,\n",
    "         3.722700e-05, -2.110800e-05, -1.470190e-05, -1.123010e-05,\n",
    "        -5.162620e-05, -1.250800e-05,  2.517590e-05,  1.137530e-05,\n",
    "        -5.834970e-06],\n",
    "       [ 1.164820e-05,  1.377760e-05,  2.504440e-05,  9.125560e-06,\n",
    "         1.460960e-05,  4.331340e-06,  1.964840e-05,  2.043740e-05,\n",
    "         1.483280e-05,  1.377760e-05,  8.818970e-06, -1.805750e-06,\n",
    "         4.456380e-06,  2.464930e-06,  1.529450e-05,  7.003800e-06,\n",
    "         7.074200e-06,  4.220110e-07,  2.931780e-05,  3.818180e-05,\n",
    "         8.708130e-06,  1.223680e-05,  1.373490e-05,  2.579150e-05,\n",
    "         8.085490e-06,  5.655480e-05,  6.948650e-05,  8.404700e-05,\n",
    "         5.436640e-05,  9.949950e-05,  5.749340e-05,  7.487160e-05,\n",
    "         1.237350e-05,  1.341690e-04,  2.840150e-05,  8.545040e-05,\n",
    "         4.334810e-05,  1.733220e-05,  1.645080e-05,  3.855940e-06,\n",
    "         9.221200e-06,  1.017800e-05, -8.469470e-08, -6.786180e-06,\n",
    "        -1.414050e-06,  1.824810e-05,  1.404280e-05,  2.007660e-05,\n",
    "         4.456380e-06,  7.692630e-06, -3.014740e-06,  4.711060e-05,\n",
    "         3.372140e-06],\n",
    "       [-2.138290e-06,  1.528340e-05,  1.840380e-05,  1.142740e-05,\n",
    "        -1.952650e-06,  2.612660e-06, -4.852020e-05,  3.155480e-05,\n",
    "        -3.354580e-06,  1.528340e-05,  5.281260e-06,  1.353420e-05,\n",
    "        -9.298810e-06, -3.240290e-05, -5.311310e-05, -1.242640e-06,\n",
    "        -3.514140e-05, -5.571980e-05,  4.793510e-05,  2.912890e-06,\n",
    "        -2.785710e-05,  9.238800e-06, -3.326250e-06,  1.105280e-05,\n",
    "         5.041330e-05,  6.997470e-05,  1.076650e-04,  6.143870e-05,\n",
    "         5.012780e-05,  1.312060e-04,  5.648370e-05,  8.195060e-05,\n",
    "         7.328590e-06,  1.250430e-04,  3.965650e-05,  4.334810e-05,\n",
    "         4.402830e-04, -1.411950e-05,  2.890880e-05,  6.407850e-06,\n",
    "        -8.205440e-06,  3.008630e-05,  3.507120e-06,  1.388040e-05,\n",
    "        -5.628230e-05, -4.567190e-05,  3.583770e-05,  7.345770e-07,\n",
    "        -9.298810e-06,  1.754670e-05,  8.190550e-07,  7.600870e-05,\n",
    "        -2.848700e-05],\n",
    "       [ 1.015900e-04,  6.847450e-05,  9.330700e-05,  1.500680e-04,\n",
    "         6.994790e-05,  3.180970e-05,  8.392990e-05,  8.692160e-05,\n",
    "         8.390780e-05,  6.847450e-05,  6.587700e-05,  9.407110e-05,\n",
    "         7.590000e-07,  9.520600e-05,  1.275250e-04,  8.720990e-05,\n",
    "         1.159960e-04,  8.263170e-05,  1.205560e-04,  1.992850e-04,\n",
    "         8.320790e-05,  1.167770e-04,  7.421470e-05,  1.361570e-04,\n",
    "         1.079780e-04, -3.953150e-06, -8.057930e-07,  1.402890e-05,\n",
    "         1.467090e-05,  1.727160e-05,  1.406650e-05,  1.075040e-05,\n",
    "         8.619580e-05,  1.054720e-05,  4.256080e-06,  1.733220e-05,\n",
    "        -1.411950e-05,  2.534830e-04, -6.986040e-06, -9.287140e-06,\n",
    "         5.075350e-05, -1.137970e-05,  1.272360e-06,  1.826820e-06,\n",
    "         3.416540e-05,  1.974180e-05, -3.046900e-05,  2.040520e-05,\n",
    "         7.590000e-07,  8.249730e-06,  4.821190e-07, -2.823380e-05,\n",
    "         8.343820e-05],\n",
    "       [-1.009570e-06,  8.210200e-06, -9.361200e-06,  1.674580e-05,\n",
    "         3.038060e-05, -1.599260e-06, -9.932610e-06, -7.356990e-06,\n",
    "        -5.620260e-07,  8.210200e-06, -8.326870e-06, -2.485210e-05,\n",
